# Created by Octave 4.0.0, Tue Feb 16 22:39:35 2016 CET <yves@Yvess-MBP>
# name: data_train
# type: matrix
# rows: 9
# columns: 2
 1 0
 4 0
 7 0
 2 0
 5 0
 8 0
 3 0
 6 0
 9 0


# name: data_test
# type: matrix
# rows: 9
# columns: 2
 1 0
 4 0
 7 0
 2 0
 5 0
 8 0
 3 0
 6 0
 9 0


# name: labels_train
# type: matrix
# rows: 2
# columns: 1
 1
 0


# name: labels_test
# type: matrix
# rows: 2
# columns: 1
 1
 0


