# Created by Octave 4.0.0, Tue Feb 23 20:13:49 2016 CET <yves@Yvess-MacBook-Pro.local>
# name: ans
# type: matrix
# rows: 16
# columns: 3
 0.2674985536617822 0.3947903799330162 0.687397885713063
 0.3628087711080945 0.3680421870061266 0.06614366747047422
 0.07808937554886446 0.9337757119040054 0.9342822859205857
 0.2450269192220608 0.07252918457604678 0.3435275655703769
 0.273846171465673 0.889582042687305 0.09913729527256869
 0.7322193069892104 0.2103080036236419 0.8276370944721939
 0.4675612996117339 0.6652040834040951 0.2968916706979022
 0.6124322952185425 0.471030494148386 0.6115509724294302
 0.2624234343270861 0.7453299411006487 0.4806431814974679
 0.223448167430437 0.3021272639024832 0.6693730270729854
 0.5434323755706516 0.8863275068907412 0.7752127190118866
 0.5675390250741628 0.08763899135306423 0.5728576599695402
 0.04311500669666006 0.07163391250357547 0.179890666028014
 0.6314864790786998 0.5030055926364763 0.1737766189670504
 0.08944580814481744 0.2306533210262838 0.1275808492473636
 0.7073313694822931 0.06366693914803172 0.8406908871323295


# name: data_test
# type: matrix
# rows: 16
# columns: 100
 0.2674985536617822 0.3947903799330162 0.687397885713063 0.5687216878088699 0.1295508454467351 0.7859326463501046 0.6276143122254352 0.698654238577764 0.7487624165005617 0.5662815566075634 0.212333138588792 0.06753319828157849 0.7705190773963654 0.2388071630043614 0.3315141127697787 0.9160521876989338 0.5328092063440912 0.7975187091901469 0.5874117189626072 0.1121081432944657 0.4469623586011713 0.6298271515634039 0.1294391048519115 0.3183376213324913 0.6371223992831266 0.09694385616288219 0.09253539457401143 0.3184942048889677 0.9990184421436603 0.7786260518276541 0.1001893936278178 0.7774263907122593 0.5238489220181665 0.96288823487322 0.4732565759750474 0.4687431379723647 0.7061233446361471 0.9210065746839825 0.562995532221525 0.9260936176061052 0.05167518660224828 0.785237662702004 0.566881818321635 0.09881131590412555 0.07034241713550586 0.4055099058383079 0.1495440855044334 0.9220942030829939 0.4494627443297964 0.996269947770989 0.09493067831815298 0.7671623430572257 0.6121313993053233 0.9148807085796851 0.523116482222589 0.5287621740077263 0.5849909188051423 0.9471232843287659 0.786275484473388 0.6955087056400976 0.9688902351391424 0.7842789970727062 0.02497992106690321 0.04229412822459637 0.2018033056167096 0.679572000916963 0.285804326183617 0.3371627935370045 0.6237476630052549 0.08451860220358513 0.01774988721507858 0.4275334428738817 0.9875101681606528 0.4606308810957797 0.6477186365666385 0.05817702644741889 0.8767659694217912 0.8313189973562296 0.1807988078547053 0.6817043634662568 0.9652523969914977 0.4531451386954001 0.5022760391938216 0.7957162897668142 0.3116593658549645 0.04694570136103753 0.7656900830902895 0.09864802291401457 0.0227001607822263 0.5161922711372945 0.1607673752185714 0.902033906955322 0.4343581978003938 0.3592216398307087 0.4327150569367061 0.571245822713169 0.6848094342517252 0.9201039937539912 0.9496040481123024 0.6459654325386319
 0.3628087711080945 0.3680421870061266 0.06614366747047422 0.1574115268167132 0.08579439661148673 0.1306837480777716 0.9530949739168409 0.2518378374688608 0.1362462065130857 0.2943359112549556 0.4688250763932583 0.7396383429115306 0.4497873737491349 0.3544730624815974 0.5692846379372987 0.7175024616096081 0.1712420810055258 0.2994988473300644 0.04572126402382896 0.6204736107982912 0.5456623732261944 0.2373319229818727 0.568141556019834 0.7670379741004884 0.2679217142509491 0.8986965128943868 0.8591437709578246 0.6816790222606639 0.5287437016631836 0.1356288954338776 0.3097921628340001 0.2342622542010264 0.6743780775671925 0.4928570314673482 0.1205477937943884 0.3724736845136119 0.06723280216747067 0.8499408376721781 0.3521801241073579 0.7746119155999104 0.9266435819861822 0.2660003353943468 0.1846809731542955 0.2255340639759822 0.5178673880505221 0.744291726639263 0.4718997321372367 0.9369668927148438 0.4213041368174036 0.08048532475804397 0.8742499630996523 0.4758589245129305 0.2085954606369472 0.5430581551177764 0.08880436961438269 0.768408706892965 0.2348155272232705 0.9278098693442196 0.8094612945444206 0.6327248368424516 0.118540742794272 0.8381948526353886 0.9239821019447243 0.6163415699188763 0.423694163094074 0.4714125809151581 0.2019644668572879 0.5589685164463192 0.6780567915478103 0.7091974158226954 0.7532552446578979 0.5280078061524198 0.4570512029961846 0.3853897237435064 0.9718576694441633 0.698673878932259 0.2660941311241303 0.6924556380355015 0.08014234558262461 0.268477968130185 0.3375667071621123 0.23305077409026 0.6840798985524745 0.4532747144811545 0.5120750943381783 0.9695404876325066 0.1711076606624914 0.7930197752373984 0.4118991280006707 0.1436109919114066 0.009179377099154774 0.9812739427778223 0.7822828141080332 0.830160823772658 0.6549663602823718 0.3445223822754214 0.06102176797782703 0.3249714821824102 0.4198468102925578 0.8542336867675333
 0.07808937554886446 0.9337757119040054 0.9342822859205857 0.4392293644813705 0.9934117810394443 0.2099393068452063 0.8637627816913476 0.6616208008487053 0.9679763592488639 0.3109389327555941 0.4869376300962666 0.1228352287290033 0.02936040436362468 0.1135128198152724 0.6405375293876872 0.4499437971290725 0.7470217567124711 0.1002777955788388 0.5672079243793915 0.4164994905976209 0.9507224379260043 0.7150138713065894 0.4719529888570247 0.6931378774309256 0.3873298779701153 0.8558323926882899 0.1884409042372401 0.07467240520447198 0.7072566768310456 0.6619498884408219 0.2200734924156558 0.2759493178232018 0.1288775568734148 0.9176826699143253 0.2846762404300213 0.9289389734749339 0.3056742442573535 0.2632140495131471 0.6792111485991644 0.4815201384356445 0.190343739706843 0.6254972905224464 0.7182309654147623 0.5236450781535513 0.9428782677383198 0.5692767236946684 0.7116323180725695 0.02424128791760276 0.4056138260515575 0.6011078428878468 0.1926542191028864 0.4480922257243263 0.2068557558348793 0.959528723121893 0.1447252614077406 0.1448911949056764 0.7446086857014494 0.3832405920061291 0.8956169459002006 0.5375680513367619 0.823097495135731 0.3856846761946104 0.5749110935183986 0.4526652067353099 0.1517481986464516 0.1174415233632571 0.4846094944296331 0.3926597326335095 0.8537225480681898 0.9257660083162081 0.2315947108912825 0.4772399555571145 0.9231940919846598 0.6136239668124455 0.4485330309156878 0.05572267009965264 0.8710892981547712 0.6379240745231362 0.08817893870089526 0.4868301646572439 0.4694532653989389 0.09294135537674424 0.8401813205355825 0.109862541513498 0.945009927397207 0.1343844757480577 0.1681504827118926 0.593111535932035 0.6488715652871727 0.9716867403306296 0.5730575563554744 0.130502918470327 0.01749930058908094 0.8771916471638781 0.6969767724384885 0.06682198297873491 0.7068424668460418 0.6917203517515144 0.9024533717522905 0.9724065622336807
